0 0.790625 0.24765625 0.03828125 0.02890625
0 0.14765625 0.25625 0.03125 0.0359375
0 0.71640625 0.2703125 0.03359375 0.03125
0 0.18046875 0.28359375 0.03359375 0.03828125
0 0.58984375 0.28828125 0.03125 0.02421875
0 0.64765625 0.30625 0.03125 0.0265625
0 0.1109375 0.35234375 0.0484375 0.040625
0 0.43984375 0.35546875 0.04296875 0.03828125
0 0.70546875 0.428125 0.05078125 0.04296875
0 0.54296875 0.4828125 0.03359375 0.04296875
0 0.5875 0.50625 0.0359375 0.0265625
0 0.40625 0.51171875 0.04296875 0.03359375
0 0.7125 0.6390625 0.05078125 0.03828125
0 0.08046875 0.23671875 0.05078125 0.05078125