0 0.41328125 0.25390625 0.1390625 0.146875
0 0.51171875 0.3484375 0.053125 0.03828125
0 0.60234375 0.35078125 0.0359375 0.02890625
0 0.7125 0.35234375 0.03125 0.0359375
0 0.02734375 0.35859375 0.0546875 0.0796875
0 0.734375 0.36640625 0.03125 0.0359375
0 0.84609375 0.36796875 0.03359375 0.02890625
0 0.6890625 0.3859375 0.03125 0.0359375
0 0.5921875 0.3921875 0.0453125 0.04296875
0 0.725 0.41328125 0.0453125 0.03828125
0 0.16796875 0.4234375 0.09609375 0.08203125
0 0.5015625 0.4390625 0.084375 0.0984375
0 0.571875 0.44921875 0.053125 0.071875