0 0.75703125 0.27578125 0.08671875 0.06484375
0 0.1671875 0.27734375 0.0796875 0.053125
0 0.609375 0.29296875 0.06015625 0.05078125
0 0.34765625 0.29609375 0.07421875 0.0578125
0 0.525 0.3015625 0.084375 0.0671875
0 0.83515625 0.3046875 0.1078125 0.084375
0 0.25 0.30625 0.0625 0.0578125
0 0.44453125 0.3109375 0.071875 0.053125
0 0.025 0.32421875 0.05 0.0390625
0 0.11328125 0.3328125 0.0578125 0.03359375
0 0.28515625 0.33359375 0.0359375 0.0265625
0 0.978125 0.37578125 0.04296875 0.03359375
0 0.87890625 0.384375 0.03125 0.0265625