0 0.3171875 0.40390625 0.03359375 0.02421875
0 0.275 0.41796875 0.0171875 0.02421875
0 0.48671875 0.4203125 0.0265625 0.02890625
0 0.0484375 0.421875 0.03828125 0.0265625
0 0.89765625 0.421875 0.06484375 0.06015625
0 0.94453125 0.42578125 0.04296875 0.03828125
0 0.7296875 0.48203125 0.0265625 0.021875
0 0.60234375 0.490625 0.0265625 0.02890625
0 0.81015625 0.546875 0.053125 0.0359375
0 0.6296875 0.5515625 0.053125 0.03125
0 0.40625 0.56015625 0.0578125 0.0578125
0 0.703125 0.57578125 0.06015625 0.05078125
0 0.27421875 0.60234375 0.0625 0.0453125