0 0.48671875 0.43359375 0.07421875 0.0484375
0 0.7015625 0.4421875 0.0671875 0.040625
0 0.60703125 0.44609375 0.06953125 0.0484375
0 0.18515625 0.44609375 0.08203125 0.0671875
0 0.41953125 0.44921875 0.07421875 0.05078125
0 0.67890625 0.45390625 0.03125 0.0265625
0 0.98203125 0.45546875 0.03125 0.03359375
0 0.55859375 0.45625 0.0453125 0.040625
0 0.7921875 0.4578125 0.0265625 0.009375
0 0.13359375 0.46015625 0.06953125 0.0671875
0 0.31015625 0.4640625 0.0671875 0.040625
0 0.8859375 0.4671875 0.0359375 0.02890625
0 0.23828125 0.4671875 0.0625 0.0578125
0 0.8578125 0.4734375 0.0625 0.05078125