0 0.6046875 0.38671875 0.0265625 0.02890625
0 0.52734375 0.3953125 0.03125 0.0265625
0 0.58515625 0.40625 0.03125 0.03359375
0 0.55390625 0.4109375 0.0265625 0.02890625
0 0.39453125 0.4484375 0.02890625 0.0265625
0 0.4578125 0.459375 0.0359375 0.03828125
0 0.7984375 0.459375 0.03828125 0.02890625
0 0.0921875 0.475 0.0265625 0.0265625
0 0.1453125 0.484375 0.0265625 0.0265625
0 0.75625 0.48828125 0.0359375 0.02890625
0 0.6546875 0.48828125 0.03125 0.04296875
0 0.82109375 0.490625 0.021875 0.02890625