0 0.25390625 0.37265625 0.0453125 0.04296875
0 0.1921875 0.39296875 0.0484375 0.040625
0 0.915625 0.39921875 0.0625 0.0625
0 0.13671875 0.4 0.04296875 0.040625
0 0.51328125 0.4125 0.040625 0.05078125
0 0.66796875 0.41484375 0.0625 0.05078125
0 0.05078125 0.4171875 0.0484375 0.0453125
0 0.10078125 0.4421875 0.053125 0.04296875
0 0.209375 0.44453125 0.0484375 0.03828125
0 0.0328125 0.44921875 0.0453125 0.04296875
0 0.26796875 0.453125 0.05546875 0.05078125
0 0.553125 0.453125 0.0671875 0.06484375
0 0.71640625 0.46640625 0.0625 0.0625
0 0.3734375 0.4828125 0.06015625 0.0578125