0 0.12109375 0.39765625 0.06015625 0.04375
0 0.765625 0.415625 0.05546875 0.040625
0 0.4640625 0.41796875 0.053125 0.0265625
0 0.59765625 0.421875 0.040625 0.02890625
0 0.2671875 0.42265625 0.03828125 0.0359375
0 0.32578125 0.42265625 0.05546875 0.05078125
0 0.09609375 0.42421875 0.02890625 0.03359375
0 0.28984375 0.4265625 0.0265625 0.02890625
0 0.6046875 0.43125 0.03125 0.01953125
0 0.41015625 0.4328125 0.0453125 0.0359375
0 0.9328125 0.43515625 0.04296875 0.0359375
0 0.171875 0.44921875 0.040625 0.0265625
0 0.240625 0.45078125 0.01953125 0.01953125