0 0.50625 0.30390625 0.05078125 0.05078125
0 0.6203125 0.31015625 0.0578125 0.0484375
0 0.27265625 0.32109375 0.06015625 0.05078125
0 0.38671875 0.32109375 0.053125 0.0453125
0 0.83515625 0.32578125 0.05078125 0.0453125
0 0.7203125 0.328125 0.0453125 0.0359375
0 0.9078125 0.37890625 0.0796875 0.06484375
0 0.765625 0.39453125 0.06484375 0.0484375
0 0.65390625 0.396875 0.0578125 0.0484375
0 0.27734375 0.4015625 0.06953125 0.053125
0 0.51796875 0.4046875 0.07421875 0.05078125
0 0.3953125 0.40859375 0.06953125 0.053125