0 0.634375 0.4171875 0.0484375 0.040625
0 0.209375 0.428125 0.0625 0.0484375
0 0.67890625 0.43046875 0.040625 0.03359375
0 0.52734375 0.43125 0.05078125 0.0359375
0 0.55390625 0.43359375 0.040625 0.0359375
0 0.7015625 0.43515625 0.03828125 0.03828125
0 0.1359375 0.43515625 0.05078125 0.03828125
0 0.896875 0.4359375 0.053125 0.0453125
0 0.7359375 0.4375 0.04296875 0.03359375
0 0.334375 0.4390625 0.053125 0.05078125
0 0.84140625 0.43984375 0.03828125 0.03828125
0 0.0296875 0.44296875 0.059375 0.0453125
0 0.4359375 0.44453125 0.05078125 0.0484375
0 0.478125 0.446875 0.03828125 0.03359375