0 0.790625 0.24765625 0.09609375 0.0765625
0 0.94296875 0.25234375 0.1140625 0.0765625
0 0.1625 0.2671875 0.11328125 0.09140625
0 0.5109375 0.2859375 0.05546875 0.053125
0 0.05546875 0.303125 0.10078125 0.08671875
0 0.69609375 0.30390625 0.06953125 0.05078125
0 0.546875 0.30546875 0.05546875 0.0484375
0 0.4234375 0.30625 0.0765625 0.0890625
0 0.6046875 0.321875 0.07421875 0.0484375
0 0.8390625 0.43125 0.15390625 0.103125
0 0.67421875 0.44921875 0.11796875 0.08671875
0 0.90234375 0.51171875 0.19453125 0.1390625