0 0.58515625 0.37109375 0.06015625 0.06015625
0 0.8015625 0.3796875 0.0890625 0.0625
0 0.25234375 0.38828125 0.03828125 0.03125
0 0.4984375 0.396875 0.0453125 0.03828125
0 0.43046875 0.39765625 0.0484375 0.0265625
0 0.35234375 0.39765625 0.05546875 0.0359375
0 0.290625 0.40234375 0.04296875 0.040625
0 0.21875 0.40234375 0.03828125 0.03125
0 0.66484375 0.40390625 0.0796875 0.0625
0 0.171875 0.40625 0.03125 0.03828125
0 0.12890625 0.41484375 0.03125 0.0265625
0 0.053125 0.41953125 0.03359375 0.03125
0 0.1984375 0.46171875 0.05546875 0.04296875