0 0.61328125 0.4328125 0.0625 0.03125
0 0.38203125 0.44375 0.04296875 0.03359375
0 0.45546875 0.44375 0.05078125 0.0484375
0 0.7671875 0.44453125 0.03828125 0.0359375
0 0.86171875 0.44453125 0.0359375 0.04609375
0 0.9078125 0.446875 0.0265625 0.021875
0 0.68515625 0.4484375 0.04296875 0.02890625
0 0.1625 0.4484375 0.05078125 0.0484375
0 0.93515625 0.45078125 0.04296875 0.02890625
0 0.8265625 0.453125 0.0625 0.0484375
0 0.3453125 0.45546875 0.0359375 0.03828125
0 0.66484375 0.45546875 0.0265625 0.01953125
0 0.5 0.45625 0.04296875 0.0359375
0 0.54921875 0.46171875 0.021875 0.01171875
0 0.57421875 0.46171875 0.02421875 0.0171875
0 0.3125 0.4671875 0.0625 0.04375
0 0.2171875 0.47578125 0.0359375 0.0265625