0 0.634375 0.25703125 0.0765625 0.0671875
0 0.51328125 0.25859375 0.06953125 0.06953125
0 0.40390625 0.2640625 0.09140625 0.08671875
0 0.89921875 0.2640625 0.1203125 0.10078125
0 0.2453125 0.265625 0.0578125 0.0453125
0 0.76796875 0.29296875 0.0890625 0.071875
0 0.7046875 0.29921875 0.09140625 0.0984375
0 0.57109375 0.30546875 0.0890625 0.08203125
0 0.10546875 0.3078125 0.10546875 0.09140625
0 0.28515625 0.31484375 0.0984375 0.071875
0 0.4734375 0.3265625 0.125 0.10546875
0 0.3453125 0.3390625 0.0984375 0.08671875
0 0.63203125 0.3453125 0.10546875 0.09375
0 0.96484375 0.3734375 0.06953125 0.13671875
0 0.8296875 0.38671875 0.1296875 0.115625
0 0.0828125 0.41328125 0.13671875 0.1203125
0 0.20546875 0.41484375 0.1421875 0.11796875
0 0.56484375 0.23671875 0.0671875 0.06953125
0 0.71875 0.23828125 0.0765625 0.0765625
0 0.35078125 0.2390625 0.053125 0.040625