0 0.5640625 0.53359375 0.0453125 0.03828125
0 0.0578125 0.53515625 0.03359375 0.03125
0 0.80078125 0.5375 0.03828125 0.0359375
0 0.96875 0.53984375 0.03828125 0.03125
0 0.9015625 0.540625 0.02890625 0.02421875
0 0.6359375 0.5421875 0.03125 0.0265625
0 0.3953125 0.54296875 0.0453125 0.0484375
0 0.67578125 0.5453125 0.02890625 0.02421875
0 0.22265625 0.546875 0.03125 0.03125
0 0.24375 0.5484375 0.0171875 0.01953125
0 0.45703125 0.5484375 0.02421875 0.01953125
0 0.27734375 0.54921875 0.0453125 0.03125
0 0.33984375 0.54921875 0.0265625 0.0265625
0 0.490625 0.55078125 0.02890625 0.02421875
0 0.7453125 0.55078125 0.01953125 0.01953125
0 0.52421875 0.553125 0.03828125 0.03359375
0 0.3125 0.55859375 0.0484375 0.03125
0 0.7171875 0.55859375 0.0453125 0.03125
0 0.1265625 0.55859375 0.0453125 0.0265625
0 0.07578125 0.5609375 0.03125 0.0265625