0 0.96171875 0.44453125 0.0765625 0.05546875
0 0.41328125 0.45546875 0.03828125 0.03359375
0 0.7046875 0.46484375 0.0625 0.03359375
0 0.52734375 0.4734375 0.05078125 0.040625
0 0.6140625 0.47578125 0.05546875 0.05078125
0 0.4953125 0.47734375 0.04296875 0.04375
0 0.41484375 0.48046875 0.05078125 0.0359375
0 0.34609375 0.48828125 0.053125 0.0359375
0 0.2953125 0.4890625 0.02890625 0.02890625
0 0.75390625 0.4890625 0.084375 0.053125
0 0.11796875 0.4890625 0.053125 0.04375
0 0.6890625 0.49296875 0.07421875 0.05078125