0 0.9375 0.3609375 0.0578125 0.0484375
0 0.81015625 0.3703125 0.03359375 0.02890625
0 0.7296875 0.3703125 0.05078125 0.03359375
0 0.428125 0.3734375 0.03828125 0.03125
0 0.875 0.3765625 0.03828125 0.040625
0 0.68125 0.3765625 0.040625 0.0265625
0 0.59140625 0.37890625 0.03828125 0.03125
0 0.5265625 0.38125 0.02421875 0.0265625
0 0.23828125 0.39296875 0.0578125 0.040625
0 0.11875 0.3953125 0.021875 0.0171875
0 0.56640625 0.4046875 0.0453125 0.0453125
0 0.375 0.40625 0.0484375 0.04296875
0 0.15234375 0.40859375 0.0453125 0.03359375
0 0.478125 0.4375 0.03828125 0.02890625