0 0.28515625 0.525 0.0171875 0.021875
0 0.15390625 0.52890625 0.0578125 0.03359375
0 0.21015625 0.5328125 0.03125 0.0265625
0 0.23671875 0.53359375 0.05078125 0.02890625
0 0.421875 0.53828125 0.03125 0.03828125
0 0.27421875 0.54296875 0.03359375 0.03828125
0 0.603125 0.55078125 0.02421875 0.0140625
0 0.5140625 0.5515625 0.01953125 0.0171875
0 0.35546875 0.553125 0.03359375 0.02890625
0 0.8390625 0.5578125 0.0140625 0.0140625
0 0.178125 0.55859375 0.0625 0.040625
0 0.82421875 0.5640625 0.009375 0.01171875
0 0.84609375 0.5796875 0.0140625 0.01953125