0 0.78828125 0.2796875 0.0671875 0.06484375
0 0.37734375 0.384375 0.071875 0.0765625
0 0.2828125 0.4390625 0.07421875 0.084375
0 0.396875 0.4421875 0.0765625 0.0625
0 0.6078125 0.5140625 0.0625 0.0578125
0 0.525 0.5296875 0.06484375 0.05546875
0 0.67421875 0.553125 0.07421875 0.0765625
0 0.08203125 0.646875 0.10546875 0.115625
0 0.7703125 0.68359375 0.0796875 0.084375
0 0.86640625 0.74375 0.084375 0.07421875
0 0.25703125 0.7515625 0.10078125 0.12265625
0 0.72734375 0.8015625 0.084375 0.1078125
0 0.58046875 0.80859375 0.084375 0.1078125
0 0.8640625 0.14296875 0.040625 0.06484375
0 0.9171875 0.16328125 0.05546875 0.0484375