0 0.93125 0.3328125 0.06953125 0.0578125
0 0.66328125 0.33359375 0.04296875 0.0359375
0 0.71171875 0.33515625 0.0484375 0.0484375
0 0.56015625 0.3375 0.0578125 0.053125
0 0.41328125 0.340625 0.0578125 0.05078125
0 0.49375 0.340625 0.0359375 0.0359375
0 0.0109375 0.3421875 0.021875 0.03359375
0 0.1 0.3421875 0.05546875 0.0484375
0 0.85 0.3484375 0.0890625 0.06484375
0 0.52890625 0.35078125 0.04296875 0.040625
0 0.76328125 0.35078125 0.05078125 0.0359375
0 0.1984375 0.3515625 0.040625 0.0484375
0 0.30078125 0.35546875 0.04296875 0.040625
0 0.1828125 0.425 0.053125 0.05546875