0 0.134375 0.3359375 0.071875 0.0796875
0 0.86640625 0.38671875 0.0453125 0.0359375
0 0.74609375 0.39609375 0.03125 0.03125
0 0.578125 0.4015625 0.0453125 0.03125
0 0.38125 0.40234375 0.040625 0.03828125
0 0.68984375 0.40390625 0.02890625 0.0359375
0 0.2390625 0.40390625 0.0453125 0.03125
0 0.33515625 0.40390625 0.0265625 0.03125
0 0.82421875 0.40625 0.03828125 0.03125
0 0.6296875 0.40703125 0.03359375 0.03828125
0 0.1578125 0.40703125 0.0453125 0.03828125
0 0.0359375 0.4109375 0.04296875 0.0359375