0 0.10703125 0.390625 0.0453125 0.03828125
0 0.23203125 0.40234375 0.06953125 0.0484375
0 0.334375 0.40859375 0.053125 0.0359375
0 0.6203125 0.409375 0.0484375 0.04375
0 0.478125 0.4109375 0.0578125 0.040625
0 0.7671875 0.415625 0.03828125 0.040625
0 0.82109375 0.415625 0.021875 0.0171875
0 0.1921875 0.4171875 0.03359375 0.02421875
0 0.89921875 0.42421875 0.053125 0.0484375
0 0.28125 0.425 0.03359375 0.0265625
0 0.68125 0.425 0.0453125 0.040625
0 0.15390625 0.42734375 0.0140625 0.0171875
0 0.03984375 0.4328125 0.0265625 0.021875
0 0.08046875 0.4359375 0.0265625 0.01484375
0 0.009375 0.43984375 0.01875 0.0171875