0 0.4546875 0.32890625 0.009375 0.00703125
0 0.4046875 0.33046875 0.01171875 0.009375
0 0.390625 0.33125 0.01171875 0.00703125
0 0.44921875 0.33359375 0.009375 0.00703125
0 0.4546875 0.3359375 0.009375 0.00703125
0 0.4171875 0.3375 0.01171875 0.009375
0 0.70546875 0.35078125 0.01171875 0.00703125
0 0.0171875 0.3734375 0.01953125 0.01484375
0 0.02421875 0.37734375 0.0140625 0.01171875
0 0.1875 0.38203125 0.0140625 0.0171875
0 0.13359375 0.39765625 0.021875 0.01953125
0 0.759375 0.415625 0.02890625 0.03125
0 0.10078125 0.4171875 0.01953125 0.01953125
0 0.259375 0.41796875 0.01953125 0.0171875
0 0.4890625 0.41953125 0.0265625 0.01953125
0 0.5203125 0.42734375 0.03125 0.021875
0 0.26171875 0.43359375 0.02421875 0.01953125
0 0.240625 0.4671875 0.02890625 0.02421875
0 0.35703125 0.48203125 0.0359375 0.02890625
0 0.07109375 0.484375 0.0265625 0.02421875
0 0.3640625 0.53984375 0.021875 0.01953125
0 0.134375 0.58203125 0.04296875 0.0265625
0 0.5671875 0.61484375 0.03828125 0.03828125
0 0.95078125 0.63359375 0.05078125 0.03359375
0 0.17578125 0.6515625 0.04296875 0.040625