0 0.96015625 0.33671875 0.0796875 0.1109375
0 0.7671875 0.35703125 0.125 0.0890625
0 0.63359375 0.3640625 0.09375 0.084375
0 0.3109375 0.36875 0.103125 0.084375
0 0.48046875 0.3796875 0.0765625 0.0671875
0 0.521875 0.39921875 0.09140625 0.08203125
0 0.0484375 0.421875 0.09609375 0.06953125
0 0.3546875 0.42890625 0.1078125 0.06953125
0 0.203125 0.42890625 0.12265625 0.103125
0 0.64765625 0.43125 0.103125 0.084375
0 0.88359375 0.43125 0.0890625 0.07421875
0 0.103125 0.43359375 0.09609375 0.07421875