0 0.85234375 0.2796875 0.165625 0.115625
0 0.0421875 0.39140625 0.0796875 0.05546875
0 0.60546875 0.39609375 0.0671875 0.05078125
0 0.28515625 0.3984375 0.06953125 0.0359375
0 0.14921875 0.40625 0.053125 0.0265625
0 0.09765625 0.41171875 0.06015625 0.03359375
0 0.484375 0.415625 0.0453125 0.040625
0 0.23203125 0.41796875 0.0359375 0.0265625
0 0.3796875 0.41953125 0.04296875 0.02890625
0 0.671875 0.4265625 0.05078125 0.02890625
0 0.01171875 0.42578125 0.0234375 0.0296875
0 0.2515625 0.4359375 0.021875 0.01953125
0 0.54921875 0.4359375 0.0359375 0.03359375
0 0.203125 0.4515625 0.0359375 0.021875