0 0.2796875 0.409375 0.05078125 0.03828125
0 0.1421875 0.42421875 0.053125 0.03828125
0 0.75 0.42734375 0.04296875 0.04609375
0 0.5515625 0.42890625 0.0453125 0.04375
0 0.859375 0.44375 0.05546875 0.04375
0 0.390625 0.4484375 0.0265625 0.01953125
0 0.3140625 0.453125 0.021875 0.01953125
0 0.08515625 0.45390625 0.0265625 0.0265625
0 0.1859375 0.459375 0.021875 0.0265625
0 0.65625 0.46015625 0.03359375 0.02421875
0 0.46171875 0.46484375 0.02890625 0.02421875
0 0.521875 0.46484375 0.02421875 0.02421875
0 0.3578125 0.46953125 0.04296875 0.04375