0 0.66015625 0.390625 0.040625 0.03828125
0 0.70078125 0.39296875 0.03125 0.0484375
0 0.78125 0.39609375 0.03828125 0.040625
0 0.734375 0.40390625 0.0359375 0.05078125
0 0.37109375 0.40625 0.05546875 0.05078125
0 0.5765625 0.41484375 0.04296875 0.03828125
0 0.43125 0.4171875 0.0453125 0.0484375
0 0.05546875 0.421875 0.0484375 0.03359375
0 0.0984375 0.42421875 0.03359375 0.03828125
0 0.27734375 0.42734375 0.05078125 0.03125
0 0.509375 0.43046875 0.053125 0.05078125
0 0.1984375 0.43359375 0.0453125 0.03828125