0 0.02890625 0.3390625 0.0578125 0.0625
0 0.4390625 0.35078125 0.06015625 0.0578125
0 0.953125 0.35078125 0.0453125 0.04296875
0 0.98046875 0.3640625 0.03828125 0.06015625
0 0.65390625 0.365625 0.053125 0.0484375
0 0.88203125 0.36640625 0.04296875 0.0453125
0 0.47734375 0.3765625 0.040625 0.0359375
0 0.2203125 0.38359375 0.06015625 0.05546875
0 0.35703125 0.38828125 0.06484375 0.06953125
0 0.046875 0.3921875 0.05078125 0.04296875
0 0.16953125 0.39296875 0.05078125 0.040625
0 0.87734375 0.396875 0.053125 0.053125
0 0.1140625 0.4046875 0.084375 0.084375