0 0.86171875 0.49765625 0.05078125 0.0359375
0 0.80625 0.53125 0.05078125 0.040625
0 0.76796875 0.54375 0.0453125 0.040625
0 0.6875 0.54921875 0.04296875 0.04375
0 0.91484375 0.578125 0.06484375 0.0578125
0 0.1296875 0.58046875 0.071875 0.0625
0 0.3921875 0.58203125 0.09609375 0.06015625
0 0.7203125 0.5953125 0.06953125 0.07265625
0 0.85546875 0.6109375 0.08671875 0.0796875
0 0.27890625 0.615625 0.0578125 0.05546875
0 0.5890625 0.615625 0.03828125 0.04609375
0 0.7953125 0.62421875 0.0578125 0.04375