0 0.8765625 0.459375 0.0265625 0.0359375
0 0.771875 0.48515625 0.03828125 0.0359375
0 0.68359375 0.50703125 0.0359375 0.0359375
0 0.525 0.5171875 0.0359375 0.0359375
0 0.56953125 0.51953125 0.04296875 0.040625
0 0.459375 0.525 0.04296875 0.03359375
0 0.19609375 0.52890625 0.03125 0.03125
0 0.14921875 0.53359375 0.03359375 0.0265625
0 0.0671875 0.54453125 0.03828125 0.02890625
0 0.228125 0.54453125 0.03359375 0.02890625
0 0.015625 0.54609375 0.03125 0.0265625
0 0.36328125 0.56484375 0.03828125 0.03125
0 0.1703125 0.56640625 0.03828125 0.03359375
0 0.11875 0.59609375 0.040625 0.0265625
0 0.8140625 0.621875 0.040625 0.0578125