0 0.05390625 0.5421875 0.0359375 0.0359375
0 0.89921875 0.5421875 0.03359375 0.0453125
0 0.80078125 0.54296875 0.0484375 0.053125
0 0.39765625 0.546875 0.0453125 0.05546875
0 0.5625 0.5484375 0.0484375 0.0671875
0 0.63828125 0.54921875 0.0359375 0.0453125
0 0.678125 0.54921875 0.03359375 0.05078125
0 0.96875 0.5484375 0.0484375 0.0578125
0 0.2765625 0.55078125 0.03359375 0.0484375
0 0.49375 0.5515625 0.03125 0.0453125
0 0.22734375 0.55859375 0.03125 0.0453125
0 0.7203125 0.5625 0.040625 0.053125
0 0.0828125 0.5625 0.0359375 0.0484375
0 0.5203125 0.56640625 0.0359375 0.05078125
0 0.13359375 0.56484375 0.040625 0.0484375
0 0.31640625 0.56953125 0.0453125 0.0578125