0 0.1140625 0.328125 0.03125 0.0453125
0 0.296875 0.46640625 0.03125 0.03828125
0 0.43359375 0.34140625 0.021875 0.04296875
0 0.83203125 0.43515625 0.03359375 0.03359375
0 0.6515625 0.48671875 0.03359375 0.0359375
0 0.5765625 0.3796875 0.03359375 0.03359375
0 0.459375 0.4 0.03359375 0.0265625
0 0.49296875 0.36328125 0.03359375 0.02890625
0 0.4953125 0.3921875 0.03359375 0.03828125
0 0.6578125 0.69140625 0.0265625 0.0453125
0 0.11328125 0.0046875 0.03359375 0.009375
0 0.65625 0.98203125 0.02890625 0.0265625