1 0.07265625 0.45703125 0.1421875 0.22109375
1 0.85390625 0.390625 0.07578125 0.1203125
1 0.225 0.3625 0.0703125 0.10703125
1 0.66875 0.328125 0.05390625 0.0796875
1 0.628125 0.3375 0.04375 0.071875
1 0.26875 0.32109375 0.04609375 0.071875
1 0.36796875 0.2984375 0.03203125 0.04296875
1 0.57109375 0.31328125 0.04609375 0.06640625
1 0.52734375 0.3 0.0296875 0.05625
1 0.509375 0.30546875 0.01796875 0.05078125
1 0.490625 0.30703125 0.021875 0.053125
1 0.46328125 0.29453125 0.02578125 0.0453125
1 0.42734375 0.30546875 0.0296875 0.05078125