0 0.6546875 0.74453125 0.05390625 0.07578125
0 0.7140625 0.809375 0.03984375 0.06015625
0 0.85234375 0.80546875 0.05625 0.0515625
0 0.896875 0.325 0.03828125 0.06328125
0 0.71875 0.39453125 0.034375 0.06953125
0 0.68203125 0.3984375 0.0359375 0.07265625
0 0.6078125 0.37890625 0.028125 0.06328125
0 0.634375 0.34609375 0.028125 0.0515625
0 0.55390625 0.71015625 0.04375 0.0484375
0 0.40703125 0.5015625 0.04609375 0.06640625
0 0.37421875 0.37578125 0.028125 0.06328125
0 0.2203125 0.43359375 0.05234375 0.06953125
0 0.059375 0.52578125 0.034375 0.07265625