0 0.41640625 0.2171875 0.09765625 0.1203125
0 0.090625 0.43828125 0.153125 0.18125
0 0.31015625 0.35234375 0.09765625 0.1203125
0 0.31640625 0.1984375 0.09765625 0.1203125
0 0.2265625 0.17421875 0.09765625 0.1203125
0 0.1671875 0.17421875 0.09765625 0.1203125
0 0.75078125 0.27421875 0.07734375 0.1109375
0 0.8625 0.14140625 0.12421875 0.1234375
0 0.65078125 0.17421875 0.09765625 0.1203125
0 0.5140625 0.14140625 0.06953125 0.0984375
0 0.56015625 0.3078125 0.1125 0.1234375
0 0.81953125 0.4109375 0.16953125 0.2125