1 0.40859375 0.49296875 0.07109375 0.10703125
1 0.24140625 0.615625 0.1359375 0.18671875
1 0.30546875 0.5296875 0.08203125 0.1453125
1 0.84921875 0.4953125 0.084375 0.11875
1 0.96328125 0.534375 0.0734375 0.16640625
1 0.4859375 0.45234375 0.046875 0.0921875
1 0.103125 0.45859375 0.0640625 0.0921875
1 0.20546875 0.71953125 0.1625 0.228125
1 0.77578125 0.45234375 0.06640625 0.09765625
1 0.69921875 0.42421875 0.0375 0.059375
1 0.52109375 0.45859375 0.0375 0.0625
1 0.55859375 0.44921875 0.0421875 0.06796875
1 0.22578125 0.44375 0.046875 0.0625
1 0.30703125 0.42109375 0.0359375 0.059375