1 0.115625 0.575 0.03515625 0.0703125
1 0.16484375 0.5703125 0.03125 0.06640625
1 0.19453125 0.56328125 0.02734375 0.053125
1 0.23359375 0.58984375 0.02734375 0.046875
1 0.22578125 0.553125 0.0234375 0.046875
1 0.275 0.58359375 0.03515625 0.053125
1 0.321875 0.54140625 0.03125 0.06328125
1 0.35625 0.56015625 0.02578125 0.053125
1 0.3859375 0.56328125 0.02578125 0.06015625
1 0.4078125 0.56484375 0.021875 0.05
1 0.434375 0.553125 0.0234375 0.06640625
1 0.45703125 0.5484375 0.02578125 0.06328125
1 0.4859375 0.56015625 0.0296875 0.06015625
1 0.5046875 0.55703125 0.0234375 0.046875
1 0.5265625 0.56015625 0.0234375 0.06015625
1 0.54609375 0.5453125 0.0234375 0.06328125
1 0.56875 0.5484375 0.02578125 0.05703125
1 0.9171875 0.53203125 0.03125 0.06328125
1 0.8640625 0.5265625 0.02734375 0.06015625
1 0.82734375 0.53359375 0.03125 0.053125
1 0.778125 0.553125 0.0234375 0.053125
1 0.73984375 0.53359375 0.0296875 0.06640625
1 0.709375 0.553125 0.01953125 0.053125
1 0.6859375 0.55 0.0234375 0.06015625
1 0.65390625 0.56015625 0.03515625 0.046875
1 0.6578125 0.5265625 0.02734375 0.046875
1 0.60390625 0.528125 0.03359375 0.06328125