1 0.74765625 0.2890625 0.03515625 0.0734375
1 0.57265625 0.3078125 0.0375 0.05234375
0 0.384375 0.32421875 0.04921875 0.08515625
1 0.9421875 0.3578125 0.04921875 0.078125
0 0.41484375 0.4328125 0.05703125 0.08359375
0 0.18125 0.4359375 0.05 0.08984375
1 0.646875 0.5171875 0.0453125 0.08046875
0 0.31875 0.91015625 0.05 0.084375
1 0.6640625 0.13203125 0.03984375 0.0578125
1 0.53203125 0.14921875 0.03515625 0.06796875
1 0.67890625 0.19296875 0.04921875 0.0640625
0 0.13515625 0.209375 0.04609375 0.0859375
0 0.478125 0.24140625 0.03984375 0.0859375
1 0.83515625 0.2453125 0.03828125 0.06484375
1 0.60859375 0.25546875 0.03671875 0.06953125