1 0.11484375 0.32578125 0.09296875 0.18984375
1 0.825 0.0359375 0.05546875 0.0609375
1 0.93125 0.5046875 0.10078125 0.23671875
1 0.89609375 0.15234375 0.08671875 0.21796875
1 0.7515625 0.0921875 0.08515625 0.1640625
1 0.6421875 0.3359375 0.09609375 0.20546875
1 0.65625 0.0875 0.0828125 0.165625
1 0.49296875 0.08671875 0.08984375 0.15546875
1 0.259375 0.0828125 0.08203125 0.153125
1 0.4921875 0.26796875 0.08515625 0.19140625
1 0.51953125 0.64296875 0.09609375 0.21796875
1 0.57578125 0.74609375 0.11328125 0.225
1 0.38125 0.88203125 0.109375 0.19921875
1 0.05078125 0.81640625 0.09609375 0.24296875
1 0.16484375 0.628125 0.07421875 0.18671875
1 0.12578125 0.70703125 0.09375 0.209375
1 0.06953125 0.18359375 0.08984375 0.1734375
1 0.2859375 0.35078125 0.10390625 0.1984375