1 0.19921875 0.303125 0.0796875 0.1984375
1 0.4703125 0.38359375 0.15625 0.3140625
1 0.4875 0.0578125 0.0515625 0.109375
1 0.33046875 0.05625 0.0578125 0.10703125
1 0.62734375 0.1796875 0.06875 0.1515625
1 0.38828125 0.15859375 0.0828125 0.178125
1 0.13046875 0.1484375 0.096875 0.1859375
1 0.128125 0.76171875 0.09609375 0.1875
1 0.31875 0.45703125 0.11640625 0.2859375
1 0.53828125 0.09609375 0.0703125 0.153125
1 0.6734375 0.221875 0.08359375 0.18359375
1 0.8578125 0.20703125 0.14609375 0.29453125
1 0.7171875 0.628125 0.15546875 0.36796875