1 0.4984375 0.08203125 0.103125 0.16328125
1 0.64375 0.59140625 0.12734375 0.2890625
1 0.14921875 0.06875 0.0796875 0.1234375
1 0.925 0.2703125 0.10546875 0.18984375
1 0.7484375 0.2296875 0.09765625 0.1703125
1 0.971875 0.0703125 0.05234375 0.13046875
1 0.85 0.1109375 0.08203125 0.15625
1 0.73359375 0.0796875 0.09609375 0.1359375
1 0.571875 0.221875 0.09765625 0.16484375
1 0.62265625 0.08984375 0.1 0.16171875
1 0.084375 0.09296875 0.08359375 0.17578125
1 0.23125 0.09296875 0.084375 0.16484375
1 0.36015625 0.59375 0.15859375 0.3046875
1 0.21328125 0.42109375 0.1140625 0.25078125
1 0.06640625 0.4296875 0.125 0.25703125
1 0.74765625 0.73125 0.1265625 0.25234375
1 0.81484375 0.446875 0.11484375 0.25390625
1 0.484375 0.2875 0.1171875 0.25546875
1 0.67734375 0.375 0.12734375 0.25234375
1 0.2125 0.7921875 0.18203125 0.38125