1 0.78984375 0.0375 0.0328125 0.075
1 0.55703125 0.0609375 0.046875 0.09453125
1 0.4015625 0.0328125 0.03125 0.053125
1 0.45625 0.05234375 0.03515625 0.06484375
1 0.26171875 0.078125 0.053125 0.13203125
1 0.23125 0.12421875 0.0546875 0.1421875
1 0.16953125 0.5828125 0.12109375 0.2609375
1 0.340625 0.4765625 0.08359375 0.2171875
1 0.41796875 0.2875 0.07734375 0.17578125
1 0.5421875 0.2359375 0.06875 0.16796875
1 0.56796875 0.38671875 0.08203125 0.1875
1 0.65390625 0.22109375 0.07734375 0.1703125
1 0.81328125 0.134375 0.0515625 0.1265625
1 0.85390625 0.04453125 0.04765625 0.07734375
1 0.7484375 0.11953125 0.04375 0.10078125