1 0.77265625 0.2890625 0.0328125 0.078125
1 0.9328125 0.2546875 0.046875 0.11015625
1 0.8890625 0.25390625 0.046875 0.1125
1 0.81640625 0.228125 0.05703125 0.1234375
1 0.71171875 0.2125 0.04609375 0.125
1 0.66015625 0.2078125 0.053125 0.12890625
1 0.5296875 0.14296875 0.06953125 0.15234375
1 0.41953125 0.1171875 0.07890625 0.1796875
1 0.37734375 0.30625 0.04921875 0.10859375
1 0.26953125 0.31796875 0.05703125 0.103125
1 0.02890625 0.2375 0.05390625 0.10859375
1 0.1328125 0.09609375 0.084375 0.17421875