1 0.32109375 0.353125 0.0265625 0.0546875
1 0.01484375 0.3484375 0.02578125 0.07734375
1 0.44375 0.371875 0.02109375 0.059375
1 0.04375 0.43359375 0.0609375 0.1140625
1 0.1171875 0.37109375 0.025 0.0609375
1 0.26171875 0.3359375 0.028125 0.06640625
1 0.3265625 0.45546875 0.06015625 0.12890625
1 0.07890625 0.52890625 0.0796875 0.13046875
1 0.196875 0.409375 0.09609375 0.19140625
1 0.63671875 0.4015625 0.03671875 0.0796875
1 0.678125 0.47890625 0.0609375 0.13515625
1 0.57734375 0.46171875 0.06171875 0.12578125
1 0.3953125 0.42265625 0.06640625 0.1765625
1 0.46328125 0.59375 0.09765625 0.21640625
1 0.94296875 0.6859375 0.06953125 0.26953125
1 0.853125 0.58203125 0.171875 0.42109375