0 0.30546875 0.0921875 0.16796875 0.1515625
0 0.2234375 0.27734375 0.0578125 0.06484375
0 0.115625 0.2546875 0.071875 0.08203125
0 0.0453125 0.2515625 0.090625 0.115625
0 0.1046875 0.3140625 0.0453125 0.06484375
0 0.5875 0.0171875 0.09375 0.03359375
0 0.8921875 0.03515625 0.134375 0.06953125
0 0.978125 0.04296875 0.03828125 0.071875
0 0.7796875 0.02421875 0.0796875 0.0484375
0 0.5203125 0.01796875 0.0796875 0.0359375
0 0.81953125 0.0453125 0.03828125 0.053125
0 0.65 0.05078125 0.0359375 0.04296875
0 0.2796875 0.4125 0.228125 0.0265625