0 0.01796875 0.07421875 0.0359375 0.08203125
0 0.30859375 0.3578125 0.11328125 0.10078125
0 0.89453125 0.39296875 0.053125 0.040625
0 0.92421875 0.25625 0.0453125 0.0359375
0 0.95546875 0.09609375 0.0453125 0.03828125
0 0.790625 0.26328125 0.0484375 0.0359375
0 0.84140625 0.24140625 0.053125 0.05078125
0 0.6890625 0.25625 0.05546875 0.05078125
0 0.5875 0.2234375 0.05546875 0.0484375
0 0.47578125 0.19921875 0.053125 0.04296875
0 0.57109375 0.021875 0.06015625 0.04296875
0 0.7078125 0.03984375 0.05078125 0.0453125