1 0.56640625 0.28359375 0.053125 0.08828125
1 0.1921875 0.39296875 0.04921875 0.08828125
1 0.61953125 0.46875 0.053125 0.09375
1 0.43359375 0.5546875 0.053125 0.08828125
1 0.1046875 0.31015625 0.0421875 0.08828125
1 0.41640625 0.21875 0.034375 0.0625
1 0.8 0.2578125 0.071875 0.16171875
1 0.2703125 0.38046875 0.03828125 0.07265625
1 0.33671875 0.26796875 0.034375 0.06796875
1 0.2890625 0.23671875 0.03828125 0.046875
1 0.6390625 0.26328125 0.03046875 0.046875
1 0.984375 0.4078125 0.03125 0.078125
1 0.83046875 0.20859375 0.0265625 0.0625
1 0.81171875 0.43203125 0.05703125 0.09375