1 0.04765625 0.14296875 0.05859375 0.14609375
1 0.5640625 0.878125 0.11796875 0.24296875
1 0.325 0.1109375 0.07734375 0.14609375
1 0.68203125 0.31640625 0.12890625 0.24296875
1 0.91171875 0.21640625 0.0515625 0.09765625
1 0.365625 0.5296875 0.0921875 0.21640625
1 0.57734375 0.2890625 0.125 0.2
1 0.075 0.30546875 0.06953125 0.1671875
1 0.93046875 0.80546875 0.11796875 0.19453125
1 0.20234375 0.321875 0.08125 0.12421875
1 0.1234375 0.78359375 0.1359375 0.2484375
1 0.84375 0.3 0.0625 0.1890625
1 0.509375 0.1 0.040625 0.08125
1 0.5828125 0.1671875 0.05546875 0.07578125
1 0.2609375 0.18359375 0.05859375 0.08671875