0 0.68359375 0.25703125 0.05546875 0.0578125
0 0.578125 0.2234375 0.05546875 0.0578125
0 0.53515625 0.4203125 0.06484375 0.0578125
0 0.40234375 0.35546875 0.05546875 0.053125
0 0.61875 0.0890625 0.05078125 0.0484375
0 0.46484375 0.22109375 0.0453125 0.04296875
0 0.5359375 0.06640625 0.0484375 0.0453125
0 0.3328125 0.22109375 0.05078125 0.04296875
0 0.38671875 0.2015625 0.0578125 0.0625
0 0.2359375 0.2015625 0.0625 0.0625
0 0.1453125 0.1625 0.06015625 0.06015625
0 0.03984375 0.1296875 0.05546875 0.053125
0 0.30546875 0.009375 0.0546875 0.01875
0 0.79453125 0.14921875 0.09375 0.10078125