0 0.05546875 0.14453125 0.1109375 0.09609375
0 0.51171875 0.04453125 0.1875 0.0890625
0 0.24765625 0.1875 0.134375 0.10546875
0 0.45703125 0.17890625 0.08671875 0.06953125
0 0.3578125 0.17890625 0.08671875 0.06484375
0 0.134375 0.21640625 0.0765625 0.071875
0 0.178125 0.24140625 0.03828125 0.05078125
0 0.0140625 0.29921875 0.028125 0.0453125
0 0.8640625 0.0328125 0.2140625 0.06484375
0 0.265625 0.68046875 0.15625 0.15859375
0 0.9671875 0.7703125 0.06015625 0.09375
0 0.68984375 0.8234375 0.10078125 0.0890625