1 0.2 0.2 0.03984375 0.1
1 0.0546875 0.409375 0.109375 0.15
1 0.55 0.17265625 0.03984375 0.075
1 0.8921875 0.2375 0.0703125 0.2453125
1 0.71640625 0.45 0.05234375 0.11015625
1 0.3265625 0.26015625 0.0375 0.08984375
1 0.3796875 0.2203125 0.025 0.06015625
1 0.28984375 0.21015625 0.01484375 0.06015625
1 0.43125 0.7375 0.12265625 0.1046875
1 0.63125 0.26484375 0.0328125 0.0796875
1 0.68984375 0.1703125 0.03984375 0.11015625
1 0.41875 0.28984375 0.02734375 0.0796875
1 0.8265625 0.28515625 0.05234375 0.08984375