1 0.4734375 0.278125 0.0421875 0.0921875
1 0.3875 0.328125 0.03515625 0.0796875
1 0.6015625 0.34375 0.0328125 0.071875
1 0.1796875 0.2859375 0.0203125 0.0359375
1 0.33984375 0.28828125 0.025 0.04765625
1 0.5421875 0.3078125 0.0453125 0.0796875
1 0.7296875 0.35625 0.03984375 0.0796875
1 0.2828125 0.29765625 0.0296875 0.05234375
1 0.91875 0.3 0.0328125 0.0640625
1 0.25 0.31171875 0.01484375 0.03203125
1 0.4921875 0.30234375 0.0203125 0.05234375
1 0.5765625 0.33984375 0.0171875 0.03984375
1 0.76640625 0.33828125 0.0171875 0.084375
1 0.79140625 0.284375 0.0171875 0.0640625
1 0.06640625 0.234375 0.02265625 0.05234375
1 0.96875 0.50390625 0.0328125 0.10390625