0 0.871875 0.2078125 0.0515625 0.0640625
0 0.35 0.21328125 0.04609375 0.0625
0 0.7015625 0.22890625 0.05625 0.05625
0 0.44375 0.23671875 0.05546875 0.05625
0 0.20703125 0.23828125 0.046875 0.0703125
0 0.51484375 0.2453125 0.046875 0.07265625
0 0.03515625 0.2671875 0.0484375 0.0703125
0 0.6 0.2734375 0.0484375 0.0703125
0 0.28046875 0.2921875 0.0515625 0.0703125
0 0.11640625 0.321875 0.046875 0.07265625
0 0.775 0.14296875 0.0609375 0.07890625
0 0.83125 0.1921875 0.05078125 0.06640625
0 0.94140625 0.19375 0.084375 0.09765625