0 0.46328125 0.3078125 0.03359375 0.04453125
0 0.3171875 0.31640625 0.0375 0.04453125
0 0.6265625 0.31953125 0.028125 0.04453125
0 0.54453125 0.32109375 0.0234375 0.03125
0 0.74296875 0.34453125 0.0421875 0.04609375
0 0.38515625 0.3515625 0.034375 0.04375
1 0.6609375 0.365625 0.03671875 0.0390625
0 0.5625 0.37890625 0.03984375 0.0484375
0 0.28046875 0.384375 0.046875 0.06015625
0 0.4484375 0.3890625 0.046875 0.0515625
0 0.171875 0.39765625 0.05625 0.05390625
0 0.34296875 0.44296875 0.04765625 0.0546875
0 0.24765625 0.4765625 0.05390625 0.04765625
0 0.66875 0.18046875 0.03125 0.03125
0 0.7875 0.28359375 0.03359375 0.05625
0 0.70859375 0.28515625 0.028125 0.04765625