0 0.91875 0.28515625 0.0578125 0.06015625
0 0.52578125 0.2890625 0.0515625 0.0484375
0 0.75625 0.2890625 0.06484375 0.0484375
0 0.665625 0.29140625 0.05859375 0.0546875
0 0.20859375 0.29765625 0.05234375 0.0578125
0 0.37109375 0.3125 0.0453125 0.0390625
0 0.1015625 0.31796875 0.0546875 0.05078125
0 0.83125 0.31953125 0.0578125 0.04296875
0 0.4609375 0.3234375 0.04140625 0.05078125
0 0.2984375 0.32890625 0.05390625 0.06171875
0 0.603125 0.33359375 0.0515625 0.0453125
0 0.7046875 0.35625 0.0578125 0.05234375
0 0.6171875 0.35703125 0.0453125 0.0359375