1 0.46640625 0.0703125 0.021875 0.046875
1 0.5328125 0.19375 0.04140625 0.0765625
1 0.5796875 0.14296875 0.03203125 0.0609375
1 0.740625 0.12578125 0.04453125 0.06796875
1 0.6796875 0.17734375 0.04609375 0.090625
1 0.603125 0.19765625 0.04609375 0.1046875
1 0.559375 0.31171875 0.05234375 0.1171875
1 0.50625 0.35546875 0.06484375 0.14453125
1 0.65078125 0.425 0.0796875 0.1890625
1 0.73125 0.40234375 0.08046875 0.19375
1 0.5484375 0.7328125 0.1078125 0.31875
1 0.82421875 0.70546875 0.11875 0.28515625
1 0.6890625 0.75625 0.18828125 0.3515625
1 0.43203125 0.61875 0.1609375 0.34609375
1 0.11875 0.446875 0.17578125 0.39296875