1 0.78671875 0.12421875 0.053125 0.1
1 0.50703125 0.2171875 0.04296875 0.16796875
1 0.3296875 0.16640625 0.10234375 0.28671875
1 0.22578125 0.1125 0.15625 0.21953125
1 0.39140625 0.22421875 0.06484375 0.21328125
1 0.4515625 0.1875 0.078125 0.20703125
1 0.9484375 0.21875 0.04296875 0.121875
1 0.81875 0.1984375 0.05 0.13671875
1 0.86953125 0.1875 0.08984375 0.165625
1 0.76015625 0.20703125 0.08671875 0.17421875
1 0.6546875 0.13046875 0.084375 0.17890625
1 0.6796875 0.25703125 0.09453125 0.2125
1 0.7 0.54296875 0.10859375 0.2296875