1 0.5265625 0.15078125 0.0578125 0.0765625
1 0.68203125 0.19296875 0.065625 0.12265625
1 0.8140625 0.1671875 0.05546875 0.10859375
1 0.871875 0.4125 0.059375 0.15
1 0.93671875 0.40625 0.1203125 0.23671875
1 0.80234375 0.309375 0.07890625 0.17109375
1 0.7078125 0.34765625 0.1 0.18671875
1 0.5859375 0.32265625 0.08359375 0.15234375
1 0.52109375 0.25234375 0.0578125 0.1265625
1 0.4984375 0.2109375 0.05703125 0.09453125
1 0.45703125 0.2234375 0.03828125 0.090625
1 0.41328125 0.21328125 0.06328125 0.11796875
1 0.26953125 0.23203125 0.06484375 0.10625
1 0.1890625 0.234375 0.05703125 0.0921875
1 0.04375 0.25859375 0.07734375 0.1359375