1 0.73828125 0.19296875 0.0703125 0.1265625
1 0.64453125 0.11171875 0.07421875 0.1234375
1 0.4359375 0.2015625 0.06640625 0.1203125
1 0.45 0.2765625 0.0875 0.153125
1 0.39375 0.321875 0.1109375 0.1796875
1 0.678125 0.253125 0.0859375 0.146875
1 0.86640625 0.11171875 0.06875 0.11171875
1 0.88359375 0.21015625 0.0640625 0.14375
1 0.8015625 0.2484375 0.103125 0.16796875
1 0.8875 0.4015625 0.15 0.24375
1 0.5375 0.225 0.15234375 0.26796875
1 0.0828125 0.19375 0.11875 0.2296875
1 0.1828125 0.3515625 0.18125 0.29140625