1 0.80703125 0.2 0.0515625 0.09609375
1 0.0765625 0.19453125 0.075 0.171875
1 0.16640625 0.253125 0.078125 0.16171875
1 0.2921875 0.1671875 0.05546875 0.1046875
1 0.359375 0.15078125 0.06796875 0.1421875
1 0.46796875 0.21484375 0.059375 0.1203125
1 0.61015625 0.2515625 0.0453125 0.11640625
1 0.94140625 0.19140625 0.06640625 0.14453125
1 0.88046875 0.1703125 0.06875 0.140625
1 0.75546875 0.1828125 0.06953125 0.14765625
1 0.70390625 0.28359375 0.09140625 0.20078125
1 0.65546875 0.259375 0.08203125 0.19765625
1 0.56953125 0.2109375 0.06015625 0.153125
1 0.4046875 0.22265625 0.05859375 0.12734375
1 0.340625 0.24609375 0.08359375 0.14296875
1 0.43828125 0.4484375 0.09140625 0.1546875
1 0.51796875 0.20234375 0.06171875 0.1375